a)===========================
A.txt
3
3
3.0
3.0
1.0
2.0
5.0
7.0
1.0
2.0
1.0

x.txt
3
0.0
0.0
0.0

b.txt
3
12.0
33.0
8.0

expected.txt
3
1.0
2.0
3.0

b)===========================
A.txt
3
3
3.0
3.0
1.0
2.0
5.0
7.0
-4.0
-10.0
-14.0

x.txt
3
0.0
0.0
0.0

b.txt
3
1.0
20.0
-40.0

expected.txt
3 //nieoznaczony
1.0
2.0
3.5

c)===========================
A.txt
3
3
3.0
3.0
1.0
2.0
5.0
7.0
-4.0
-10.0
-14.0

x.txt
3
0.0
0.0
0.0

b.txt
3
1.0
20.0
-20.0

expected.txt
3 //sprzeczny
1.0
2.0
3.5

d)===========================
A.txt
4
4
0.5
-0.0625
0.1875
0.0625
-0.0625
0.5
0.0
0.0
0.1875
0.0
0.375
0.125
0.0625
0.0
0.125
0.25

x.txt
4
0.0
0.0
0.0
0.0

b.txt
4
1.5
-1.625
1.0
0.4375

expected.txt
4
2.0
-3.0
1.5
0.5

e)===========================
A.txt
4
4
3.0
2.0
1.0
-1.0
5.0
-1.0
1.0
2.0
1.0
-1.0
1.0
2.0
7.0
8.0
1.0
-7.0

x.txt
4
0.0
0.0
0.0
0.0

b.txt
4
0.0
-4.0
4.0
6.0

expected.txt
4 //sprzeczny
2.0
-3.0
1.5
0.5

f)===========================
A.txt
4
4
3.0
-1.0
2.0
-1.0
3.0
-1.0
1.0
1.0
1.0
2.0
-1.0
2.0
-1.0
1.0
-2.0
-3.0

x.txt
4
0.0
0.0
0.0
0.0

b.txt
4
-13.0
1.0
21.0
-5.0

expected.txt
4
1.0
3.0
-4.0
5.0

g)===========================
A.txt
3
3
0.0
0.0
1.0
1.0
0.0
0.0
0.0
1.0
0.0

x.txt
3
0.0
0.0
0.0

b.txt
3
3.0
5.0
7.0

expected.txt
3
7.0
5.0
3.0

h)===========================
A.txt
3
3
10.0
-5.0
1.0
4.0
-7.0
2.0
5.0
1.0
4.0

x.txt
3
0.0
0.0
0.0

b.txt
3
3.0
-4.0
19.0

expected.txt
3
1.0
2.0
3.0

i)===========================
A.txt
3
3
6.0
-4.0
2.0
-5.0
5.0
2.0
0.9
0.9
3.6

x.txt
3
0.0
0.0
0.0

b.txt
3
4.0
11.0
13.5

expected.txt
3 //nieoznaczony
1.0
2.0
3.5

j)===========================
A.txt
3
3
1.0
0.2
0.3
0.1
1.0
-0.3
-0.1
-0.2
1.0

x.txt
3
0.0
0.0
0.0

b.txt
3
1.5
0.8
0.7

expected.txt
3
1.0
1.0
1.5